3.5567355920945429e+03
2.2453936304786885e+02
2.2446981552438928e+02
2.2441044563086481e+02
2.2488203117567292e+02
2.2775930615198371e+02
2.3800246213769250e+02
2.6655123537726240e+02
3.3466485946127449e+02
1.7629521308829235e+00
0.0000000000000000e+00
0.0000000000000000e+00
0.0000000000000000e+00
0.0000000000000000e+00
0.0000000000000000e+00
1.6762952130882923e+01
5.9021906097790006e+03
9.3401556905088310e+03
1.4357857925522034e+04
8.1762952130882923e+01
0.0000000000000000e+00
0.0000000000000000e+00
0.0000000000000000e+00
2.5676295213088292e+02
6.1753934162718760e+04
8.4038459816457194e+04
1.1801839635285377e+05
2.4875680479320777e+03
-8.5222573297509285e+00
-8.6109799980382338e+00
-8.8477758307295478e+00
-9.3402692979474971e+00
-1.0217617349396336e+01
-1.1620180398042949e+01
-1.3683702844954192e+01
-1.6516862577055026e+01
1.5715128702860444e+00
0.0000000000000000e+00
0.0000000000000000e+00
0.0000000000000000e+00
0.0000000000000000e+00
0.0000000000000000e+00
1.6571512870286043e+01
-4.3372343679747104e+01
-4.4437803558698299e+01
-4.1345958387311867e+01
8.1571512870286043e+01
0.0000000000000000e+00
0.0000000000000000e+00
0.0000000000000000e+00
2.5657151287028603e+02
5.9478296256121027e+01
1.2189982964547060e+02
6.0686400300924915e+03
1.8258836923494057e+03
-7.3767608848323034e+00
-7.4654835531196095e+00
-7.7022793858109226e+00
-8.1947728530288710e+00
-9.0721209044777122e+00
-1.0474683953124323e+01
-1.2538206400035568e+01
-1.5371366132136400e+01
1.4197479627655190e+00
0.0000000000000000e+00
0.0000000000000000e+00
0.0000000000000000e+00
0.0000000000000000e+00
0.0000000000000000e+00
1.6419747962765520e+01
-4.2226847234828476e+01
-4.3292307113779671e+01
-4.0200461942393240e+01
8.1419747962765513e+01
0.0000000000000000e+00
0.0000000000000000e+00
0.0000000000000000e+00
2.5641974796276554e+02
6.0623792701039669e+01
1.2304532609038924e+02
6.0683633118737080e+03
1.3117455263938507e+03
-6.3123597136621248e+00
-6.4010823819494309e+00
-6.6378782146407458e+00
-7.1303716818586933e+00
-8.0077197333075336e+00
-9.4102827819541464e+00
-1.1473805228865391e+01
-1.4306964960966223e+01
1.3017845522233671e+00
0.0000000000000000e+00
0.0000000000000000e+00
0.0000000000000000e+00
0.0000000000000000e+00
0.0000000000000000e+00
1.6301784552223367e+01
-4.1162446063658294e+01
-4.2227905942609489e+01
-3.9136060771223072e+01
8.1301784552223367e+01
0.0000000000000000e+00
0.0000000000000000e+00
0.0000000000000000e+00
2.5630178455222335e+02
6.1688193872209851e+01
1.2410972726155943e+02
6.0683222579367484e+03
9.2063008025787121e+02
-5.3352775172304243e+00
-5.4240001855177304e+00
-5.6607960182090453e+00
-6.1532894854269928e+00
-7.0306375368758340e+00
-8.4332005855224459e+00
-1.0496723032433691e+01
-1.3329882764534522e+01
1.2120090447989060e+00
0.0000000000000000e+00
0.0000000000000000e+00
0.0000000000000000e+00
0.0000000000000000e+00
0.0000000000000000e+00
1.6212009044798904e+01
-4.0185363867226599e+01
-4.1250823746177794e+01
-3.8158978574791362e+01
8.1212009044798904e+01
0.0000000000000000e+00
0.0000000000000000e+00
0.0000000000000000e+00
2.5621200904479889e+02
6.2665276068641546e+01
1.2508680945799112e+02
6.0684580386413782e+03
6.2982374215775826e+02
-4.4496889353684388e+00
-4.5384116036557449e+00
-4.7752074363470598e+00
-5.2677009035650073e+00
-6.1450489550138494e+00
-7.5476120036604595e+00
-9.6111344505717042e+00
-1.2444294182672538e+01
1.1452217718027420e+00
0.0000000000000000e+00
0.0000000000000000e+00
0.0000000000000000e+00
0.0000000000000000e+00
0.0000000000000000e+00
1.6145221771802742e+01
-3.9299775285364618e+01
-4.0365235164315813e+01
-3.7273389992929381e+01
8.1145221771802738e+01
0.0000000000000000e+00
0.0000000000000000e+00
0.0000000000000000e+00
2.5614522177180277e+02
6.3550864650503513e+01
1.2597239803985309e+02
6.0687177523714336e+03
4.1890352709514366e+02
-3.6577095650423823e+00
-3.7464322333296889e+00
-3.9832280660210038e+00
-4.4757215332389517e+00
-5.3530695846877938e+00
-6.7556326333344039e+00
-8.8191550802456486e+00
-1.1652314812346480e+01
1.0967470667018842e+00
0.0000000000000000e+00
0.0000000000000000e+00
0.0000000000000000e+00
0.0000000000000000e+00
0.0000000000000000e+00
1.6096747066701884e+01
-3.8507795915038550e+01
-3.9573255793989745e+01
-3.6481410622603313e+01
8.1096747066701880e+01
0.0000000000000000e+00
0.0000000000000000e+00
0.0000000000000000e+00
2.5609674706670188e+02
6.4342844020829574e+01
1.2676437741017915e+02
6.0690554670666152e+03
2.7002848214884955e+02
-2.9594537710526212e+00
-3.0481764393399278e+00
-3.2849722720312418e+00
-3.7774657392491897e+00
-4.6548137906980314e+00
-6.0573768393446432e+00
-8.1208992862558880e+00
-1.0954059018356720e+01
1.0625000000000000e+00
1.2022079451321606e+00
2.4328282192546782e+00
4.6620705504467823e+00
8.4790659660931595e+00
1.4706060073977985e+01
1.6062500000000000e+01
-3.7809540121048798e+01
-3.8874999999999993e+01
-3.5783154828613561e+01
8.1062500000000000e+01
9.0826107376713750e+01
1.3256815299931631e+02
1.8867784513960436e+02
2.5606250000000000e+02
6.5041099814819347e+01
1.2746263320416892e+02
6.0694327877956539e+03
2.7002848214884926e+02
-2.9594537710526199e+00
-3.0481764393399264e+00
-3.2849722720312404e+00
-3.7774657392491884e+00
-4.6548137906980305e+00
-6.0573768393446414e+00
-8.1208992862558862e+00
-1.0954059018356718e+01
-1.3937499999999998e+01
-1.4608644645504853e+01
-1.9042216126366625e+01
-2.4073860737624699e+01
-2.9334516140857787e+01
-3.4214225755411512e+01
-3.4937500000000000e+01
-3.7809540121048798e+01
-3.8874999999999993e+01
-3.5783154828613561e+01
-2.9937500000000000e+01
-2.6497816026250263e+01
-8.5651667751014315e+00
2.0873082768782609e+01
6.1062500000000000e+01
6.5041099814819347e+01
1.2746263320416892e+02
6.0694327877956539e+03
1.6805709177031716e+02
-2.3531542960517449e+00
-2.4418769643390514e+00
-2.6786727970303654e+00
-3.1711662642483134e+00
-4.0485143156971555e+00
-5.4510773643437664e+00
-7.5145998112550103e+00
-1.0347759543355844e+01
-1.3331200524999124e+01
-1.4002345170503979e+01
-1.8435916651365751e+01
-2.3467561262623825e+01
-2.8728216665856912e+01
-3.3607926280410638e+01
-3.4331200524999126e+01
-3.7203240646047924e+01
-3.8268700524999119e+01
-3.5176855353612687e+01
-2.9331200524999126e+01
-2.5891516551249389e+01
-7.9588673001005557e+00
2.1479382243783483e+01
6.1668799475000874e+01
6.5647399289820228e+01
1.2806893267916979e+02
6.0698189893160561e+03
1.0051391875849323e+02
-1.8353355081098361e+00
-1.9240581763971429e+00
-2.1608540090884567e+00
-2.6533474763064047e+00
-3.5306955277552463e+00
-4.9332585764018582e+00
-6.9967810233131020e+00
-9.8299407554139346e+00
-1.2813381737057215e+01
-1.3484526382562070e+01
-1.7918097863423842e+01
-2.2949742474681916e+01
-2.8210397877915007e+01
-3.3090107492468732e+01
-3.3813381737057220e+01
-3.6685421858106018e+01
-3.7750881737057213e+01
-3.4659036565670782e+01
-2.8813381737057220e+01
-2.5373697763307483e+01
-7.4410485121586358e+00
2.1997201031725403e+01
6.2186618262942794e+01
6.6165218077762148e+01
1.2858675146711172e+02
6.0701907716207770e+03
5.7434210886965303e+01
-1.4010305497849100e+00
-1.4897532180722168e+00
-1.7265490507635306e+00
-2.2190425179814786e+00
-3.0963905694303202e+00
-4.4989536180769312e+00
-6.5624760649881759e+00
-9.3956357970890085e+00
-1.2379076778732289e+01
-1.3050221424237144e+01
-1.7483792905098912e+01
-2.2515437516356986e+01
-2.7776092919590077e+01
-3.2655802534143803e+01
-3.3379076778732291e+01
-3.6251116899781081e+01
-3.7316576778732276e+01
-3.4224731607345845e+01
-2.8379076778732284e+01
-2.4939392804982546e+01
-7.0067435538337302e+00
2.2431505990050312e+01
6.2620923221267702e+01
6.6599523036087049e+01
1.2902105642543663e+02
6.0705317098320638e+03
3.1118181840677035e+01
-1.0440317096947656e+00
-1.1327543779820723e+00
-1.3695502106733861e+00
-1.8620436778913341e+00
-2.7393917293401757e+00
-4.1419547779867871e+00
-6.2054772248980310e+00
-9.0386369569988645e+00
-1.2022077938642145e+01
-1.2693222584147000e+01
-1.7126794065008770e+01
-2.2158438676266844e+01
-2.7419094079499928e+01
-3.2298803694053653e+01
-3.3022077938642141e+01
-3.5894118059690932e+01
-3.6959577938642141e+01
-3.3867732767255710e+01
-2.8022077938642148e+01
-2.4582393964892411e+01
-6.6497447137435808e+00
2.2788504830140461e+01
6.2977922061357852e+01
6.6956521876177192e+01
1.2937805526552677e+02
6.0708314771348769e+03
1.5827184594090692e+01
-7.5716301972666578e-01
-8.4588568801397246e-01
-1.0826815207052864e+00
-1.5751749879232344e+00
-2.4525230393720761e+00
-3.8550860880186870e+00
-5.9186085349299322e+00
-8.7517682670307639e+00
-1.1735209248674044e+01
-1.2406353894178899e+01
-1.6839925375040671e+01
-2.1871569986298745e+01
-2.7132225389531833e+01
-3.2011935004085558e+01
-3.2735209248674046e+01
-3.5607249369722844e+01
-3.6672709248674039e+01
-3.3580864077287607e+01
-2.7735209248674046e+01
-2.4295525274924309e+01
-6.3628760237754634e+00
2.3075373520108577e+01
6.3264790751325968e+01
6.7243390566145322e+01
1.2966492395549488e+02
6.0710849208526661e+03
7.4522526686285655e+00
-5.3256434196589031e-01
-6.2128701025319699e-01
-8.5808284294451109e-01
-1.3505763101624590e+00
-2.2279243616113003e+00
-3.6304874102579112e+00
-5.6940098571691564e+00
-8.5271695892699881e+00
-1.1510610570913268e+01
-1.2181755216418123e+01
-1.6615326697279894e+01
-2.1646971308537967e+01
-2.6907626711771055e+01
-3.1787336326324780e+01
-3.2510610570913272e+01
-3.5382650691962070e+01
-3.6448110570913265e+01
-3.3356265399526833e+01
-2.7510610570913268e+01
-2.4070926597163531e+01
-6.1382773460147009e+00
2.3299972197869341e+01
6.3489389429086728e+01
6.7467989243906075e+01
1.2988952263325567e+02
6.0712910677686541e+03
3.1818525009034269e+00
-3.6197696845426686e-01
-4.5069963674157343e-01
-6.8749546943288742e-01
-1.1799889366508354e+00
-2.0573369880996770e+00
-3.4599000367462880e+00
-5.5234224836575327e+00
-8.3565822157583654e+00
-1.1340023197401646e+01
-1.2011167842906501e+01
-1.6444739323768271e+01
-2.1476383935026345e+01
-2.6737039338259436e+01
-3.1616748952813161e+01
-3.2340023197401649e+01
-3.5212063318450447e+01
-3.6277523197401642e+01
-3.3185678026015211e+01
-2.7340023197401649e+01
-2.3900339223651912e+01
-5.9676899725030808e+00
2.3470559571380960e+01
6.3659976802598351e+01
6.7638576617417698e+01
1.3006011000676727e+02
6.0714521262448434e+03
1.1906422362614841e+00
-2.3702190671716411e-01
-3.2574457500447068e-01
-5.6254040769578473e-01
-1.0550338749137327e+00
-1.9323819263625743e+00
-3.3349449750091851e+00
-5.3984674219204294e+00
-8.2316271540212629e+00
-1.1215068135664543e+01
-1.1886212781169398e+01
-1.6319784262031167e+01
-2.1351428873289240e+01
-2.6612084276522328e+01
-3.1491793891076053e+01
-3.2215068135664545e+01
-3.5087108256713343e+01
-3.6152568135664538e+01
-3.3060722964278106e+01
-2.7215068135664541e+01
-2.3775384161914804e+01
-5.8427349107659738e+00
2.3595514633118068e+01
6.3784931864335455e+01
6.7763531679154809e+01
1.3018506506850437e+02
6.0715725407124155e+03
3.6511239621692987e-01
-1.4946344017266491e-01
-2.3818610845997151e-01
-4.7498194115128561e-01
-9.6747540836923351e-01
-1.8448234598180751e+00
-3.2473865084646860e+00
-5.3109089553759308e+00
-8.1440686874767643e+00
-1.1127509669120045e+01
-1.1798654314624899e+01
-1.6232225795486666e+01
-2.1263870406744740e+01
-2.6524525809977828e+01
-3.1404235424531553e+01
-3.2127509669120045e+01
-3.4999549790168842e+01
-3.6065009669120037e+01
-3.2973164497733606e+01
-2.7127509669120041e+01
-2.3687825695370304e+01
-5.7551764442214877e+00
2.3683073099662554e+01
6.3872490330879941e+01
6.7851090145699288e+01
1.3027262353504887e+02
6.0716581399920360e+03
7.5761026515655375e-02
-9.1452103692205022e-02
-1.8017477197951165e-01
-4.1697060467082570e-01
-9.0946407188877376e-01
-1.7868121233376151e+00
-3.1893751719842260e+00
-5.2528976188954708e+00
-8.0860573509963025e+00
-1.1069498332639583e+01
-1.1740642978144438e+01
-1.6174214459006212e+01
-2.1205859070264285e+01
-2.6466514473497373e+01
-3.1346224088051098e+01
-3.2069498332639583e+01
-3.4941538453688374e+01
-3.6006998332639569e+01
-3.2915153161253137e+01
-2.7069498332639579e+01
-2.3629814358889842e+01
-5.6971651077410090e+00
2.3741084436143030e+01
6.3930501667360424e+01
6.7909101482179764e+01
1.3033063487152936e+02
6.0717154060024986e+03
-5.2066788950226595e-04
-5.5742772745699991e-02
-1.4446544103300660e-01
-3.8126127372432067e-01
-8.7375474094226868e-01
-1.7511027923911100e+00
-3.1536658410377210e+00
-5.2171882879489653e+00
-8.0503480200497997e+00
-1.1033789001693080e+01
-1.1704933647197935e+01
-1.6138505128059702e+01
-2.1170149739317775e+01
-2.6430805142550867e+01
-3.1310514757104592e+01
-3.2033789001693080e+01
-3.4905829122741878e+01
-3.5971289001693073e+01
-3.2879443830306641e+01
-2.7033789001693080e+01
-2.3594105027943343e+01
-5.6614557767944982e+00
2.3776793767089544e+01
6.3966210998306934e+01
6.7944810813126281e+01
1.3036634420247586e+02
6.0717508750375709e+03
-9.4189784562423925e-03
-3.5885014786104515e-02
-1.2460768307341112e-01
-3.6140351576472518e-01
-8.5389698298267314e-01
-1.7312450344315147e+00
-3.1338080830781254e+00
-5.1973305299893706e+00
-8.0304902620902041e+00
-1.1013931243733484e+01
-1.1685075889238339e+01
-1.6118647370100106e+01
-2.1150291981358180e+01
-2.6410947384591267e+01
-3.1290656999144993e+01
-3.2013931243733481e+01
-3.4885971364782279e+01
-3.5951431243733474e+01
-3.2859586072347042e+01
-2.7013931243733481e+01
-2.3574247269983744e+01
-5.6415980188349133e+00
2.3796651525049128e+01
6.3986068756266519e+01
6.7964668571085866e+01
1.3038620196043544e+02
6.0717706710944740e+03
-5.2102363311532559e-03
-2.6384100130147331e-02
-1.1510676841745393e-01
-3.5190260110876798e-01
-8.4439606832671599e-01
-1.7217441197755576e+00
-3.1243071684221682e+00
-5.1878296153334134e+00
-8.0209893474342451e+00
-1.1004430329077525e+01
-1.1675574974582380e+01
-1.6109146455444151e+01
-2.1140791066702224e+01
-2.6401446469935316e+01
-3.1281156084489041e+01
-3.2004430329077529e+01
-3.4876470450126320e+01
-3.5941930329077515e+01
-3.2850085157691083e+01
-2.7004430329077522e+01
-2.3564746355327784e+01
-5.6320971041789543e+00
2.3806152439705087e+01
6.3995569670922478e+01
6.7974169485741825e+01
1.3039570287509139e+02
6.0717801606538706e+03
-2.2301333272107403e-03
-2.2832050458746925e-02
-1.1155471874605354e-01
-3.4835055143736759e-01
-8.4084401865531555e-01
-1.7181920701041569e+00
-3.1207551187507683e+00
-5.1842775656620130e+00
-8.0174372977628448e+00
-1.1000878279406125e+01
-1.1672022924910980e+01
-1.6105594405772749e+01
-2.1137239017030822e+01
-2.6397894420263913e+01
-3.1277604034817639e+01
-3.2000878279406130e+01
-3.4872918400454928e+01
-3.5938378279406123e+01
-3.2846533108019692e+01
-2.7000878279406127e+01
-2.3561194305656390e+01
-5.6285450545075593e+00
2.3809704489376482e+01
6.3999121720593870e+01
6.7977721535413224e+01
1.3039925492476280e+02
6.0717837114763315e+03
3.9323026144383929e-06
3.4355143737364857e-01
9.1914954481158038e+00
9.1644895410237751e+01
5.4046597266701349e+02
2.2894483957352941e+03
7.7155881167762454e+03
2.1980529384783295e+04
5.5042779449723792e+04
1.0917594290443936e+05
1.2442955519592101e+05
2.5879278729979802e+05
5.0219191091385006e+05
9.1895271098310943e+05
1.5988542817399455e+06
1.7469590872961872e+06
2.6623036832969226e+06
4.2650790217984971e+06
6.6021649377106037e+06
8.8441153796604257e+06
9.9101772610641085e+06
1.4467881548119219e+07
2.0594356741562683e+07
2.7951921397564150e+07
2.8644441020934805e+07
3.9001219880399302e+07
5.2071328531724982e+07
