3.5567215501133605e+03
2.2451716641141982e+02
2.2443426126965633e+02
2.2435667645779199e+02
2.2480566469839980e+02
2.2765655532509473e+02
2.3787024460236620e+02
2.6638726966561069e+02
3.3470342070952358e+02
1.7629521308829235e+00
1.9026600760150840e+00
3.1332803501376016e+00
5.3625226813297049e+00
9.1795180969760821e+00
1.5406512204860908e+01
1.6762952130882923e+01
5.9010601120561087e+03
9.3397703894222468e+03
1.4359433667095152e+04
8.1762952130882923e+01
9.1526559507596673e+01
1.3326860513019921e+02
1.8937829727048728e+02
2.5676295213088292e+02
6.1744126478810365e+04
8.4038141761934472e+04
1.1801812042386697e+05
2.4875523209294570e+03
-8.5461389876371925e+00
-8.6482192742084294e+00
-8.9032300252395515e+00
-9.4183207966578237e+00
-1.0322053197722425e+01
-1.1754082954806435e+01
-1.3849353578043065e+01
-1.6479986350242996e+01
1.5715128702860444e+00
1.7112208154182049e+00
2.9418410895407225e+00
5.1710834207328258e+00
8.9880788363792039e+00
1.5215072944264030e+01
1.6571512870286043e+01
-4.4504526424075266e+01
-4.4824789666714423e+01
-3.9771901835629251e+01
8.1571512870286043e+01
9.1335120246999793e+01
1.3307716586960234e+02
1.8918685800989041e+02
2.5657151287028603e+02
4.9668927326267294e+01
1.2158009010134265e+02
6.0683624160843174e+03
1.8258666530310875e+03
-7.4019548584165875e+00
-7.5040351449876255e+00
-7.7590458960188471e+00
-8.2741366674371193e+00
-9.1778690685017494e+00
-1.0609898825585745e+01
-1.2705169448822446e+01
-1.5335802221022306e+01
1.4197479627655190e+00
1.5594559078976795e+00
2.7900761820201971e+00
5.0193185132123004e+00
8.8363139288586794e+00
1.5063308036743505e+01
1.6419747962765520e+01
-4.3360342294858128e+01
-4.3680605537500014e+01
-3.8627717706414842e+01
8.1419747962765513e+01
9.1183355339479263e+01
1.3292540096208180e+02
1.8903509310236987e+02
2.5641974796276554e+02
5.0813111455499893e+01
1.2272427423052432e+02
6.0680843855497951e+03
1.3117275415465679e+03
-6.3384992162109981e+00
-6.4405795027821569e+00
-6.6955902538133287e+00
-7.2106810252316365e+00
-8.1144134262961956e+00
-9.5464431833802479e+00
-1.1641713806616920e+01
-1.4272346578816865e+01
1.3017845522233671e+00
1.4414924973555276e+00
2.6721127714780453e+00
4.9013551026701485e+00
8.7183505183165266e+00
1.4945344626201353e+01
1.6301784552223367e+01
-4.2296886652648027e+01
-4.2617149895289913e+01
-3.7564262064201102e+01
8.1301784552223367e+01
9.1065391928937117e+01
1.3280743755153964e+02
1.8891712969182771e+02
2.5630178455222335e+02
5.1876567097700899e+01
1.2378772987276898e+02
6.0680423860838782e+03
9.2061150484065161e+02
-5.3620075897154322e+00
-5.4640878762866052e+00
-5.7190986273177415e+00
-6.2341893987360208e+00
-7.1379217998006226e+00
-8.5699515568846678e+00
-1.0665222180121333e+01
-1.3295854952321235e+01
1.2120090447989060e+00
1.3517169899310666e+00
2.5823372640535842e+00
4.8115795952456875e+00
8.6285750108920656e+00
1.4855569118776891e+01
1.6212009044798904e+01
-4.1320395026152255e+01
-4.1640658268794141e+01
-3.6587770437710788e+01
8.1212009044798904e+01
9.0975616421512655e+01
1.3271766204411520e+02
1.8882735418440328e+02
2.5621200904479889e+02
5.2853058724183938e+01
1.2476422149928112e+02
6.0681775762185716e+03
6.2980491371552955e+02
-4.4766720328626306e+00
-4.5787523194338213e+00
-4.8337630704649435e+00
-5.3488538418832405e+00
-6.2525862429478565e+00
-7.6846160000318733e+00
-9.7798866232685953e+00
-1.2410519395468498e+01
1.1452217718027420e+00
1.2849297169349025e+00
2.5155499910574202e+00
4.7447923222495234e+00
8.5617877378959015e+00
1.4788781845780727e+01
1.6145221771802742e+01
-4.0435059469303269e+01
-4.0755322711946064e+01
-3.5702434880866349e+01
8.1145221771802738e+01
9.0908829148516489e+01
1.3265087477111902e+02
1.8876056691140710e+02
2.5614522177180277e+02
5.3738394281041110e+01
1.2564955705610919e+02
6.0684370369235694e+03
4.1888476058813450e+02
-3.6846307273172094e+00
-3.7867110138883930e+00
-4.0417217649195347e+00
-4.5568125363378353e+00
-5.4605449374024246e+00
-6.8925746944864485e+00
-8.9878453177231705e+00
-1.1618478089923059e+01
1.0967470667018842e+00
1.2364550118340447e+00
2.4670752859565623e+00
4.6963176171486651e+00
8.5133130327950433e+00
1.4740307140679869e+01
1.6096747066701884e+01
-3.9643018163757915e+01
-3.9963281406395254e+01
-3.4910393575311900e+01
8.1096747066701880e+01
9.0860354443415630e+01
1.3260240006601816e+02
1.8871209220630624e+02
2.5609674706670188e+02
5.4530435586610110e+01
1.2644159836164908e+02
6.0687748135539587e+03
2.7200000000000000e+02
0.0000000000000000e+00
4.0000000000000000e+00
0.0000000000000000e+00
-4.0000000000000000e+00
0.0000000000000000e+00
8.0000000000000000e+00
0.0000000000000000e+00
0.0000000000000000e+00
1.0625000000000000e+00
1.2022079451321606e+00
2.4328282192546782e+00
4.6620705504467814e+00
8.4790659660931595e+00
1.4706060073977985e+01
1.6062500000000000e+01
0.0000000000000000e+00
0.0000000000000000e+00
4.0960000000000000e+03
8.1062500000000000e+01
9.0826107376713750e+01
1.3256815299931628e+02
1.8867784513960436e+02
2.5606250000000000e+02
1.6384000000000000e+04
1.6384000000000000e+04
3.2768000000000000e+04
2.6760867100264704e+02
-7.7972323691380296e-01
-6.6858746002797815e+00
-2.2044500304198102e+00
-7.3690983406611146e+00
-6.7394939471110362e+00
-2.8797979205987900e+00
2.6212440745882759e-01
-8.7175875332182500e+00
-2.8550796566471604e+01
3.5244856806254234e+01
6.8997551377640320e+00
1.7023472664766314e+02
4.3118689942893707e+02
3.0734594851843212e+02
4.8685010765684638e+01
3.4452078907852410e+00
5.5891243877317174e+02
2.3935920748451463e+02
1.9147533552811437e+03
-3.6692731000064232e+03
-5.8696041787460126e+03
-2.1713167331880541e+03
-3.5421261439311784e+03
-1.2465165554557228e+04
-6.5071649787845381e+03
-1.3945675153362507e+04
1.6803928090954034e+02
-2.3791198120941193e+00
-2.4812000986653313e+00
-2.7362108496964810e+00
-3.2513016211147718e+00
-4.1550340221793682e+00
-5.5870637792633957e+00
-7.6823344025001177e+00
-1.0312967174700020e+01
-1.2393931293159085e+01
-1.5532332533996282e+01
-1.8703457763320898e+01
-2.3766598450639322e+01
-2.9056156709321385e+01
-3.0459374582956116e+01
-3.7282124024810400e+01
-3.8337507248532347e+01
-3.8657770491172414e+01
-3.3604882660085423e+01
-2.6416722441375896e+01
-3.1478827957977046e+01
-8.3519010673626326e+00
2.1843615887242777e+01
7.0120166559398058e+01
5.5835946501843864e+01
1.2774710927692649e+02
6.0695392914497061e+03
1.0049693547510813e+02
-1.8604734467604818e+00
-1.9625537333316991e+00
-2.2175644843628386e+00
-2.7326552557811334e+00
-3.6363876568457307e+00
-5.0684174139297795e+00
-7.1636880371664802e+00
-9.7943208093664111e+00
-1.1875284927825533e+01
-1.5013686168662616e+01
-1.8184811397987573e+01
-2.3247952085306679e+01
-2.8537510343988743e+01
-2.9940728217624383e+01
-3.6763477659477758e+01
-3.7818860883202433e+01
-3.8139124125844319e+01
-3.3086236294766422e+01
-2.5898076076042344e+01
-3.0960181592636218e+01
-7.8332547020399943e+00
2.2362262252558139e+01
7.0638812924633385e+01
5.6354592867064639e+01
1.2826575564214727e+02
6.0699119013316813e+03
5.7418239218697657e+01
-1.4251568733181115e+00
-1.5272371598893257e+00
-1.7822479109204665e+00
-2.2973386823387605e+00
-3.2010710834033418e+00
-4.6331008404873941e+00
-6.7283714637240593e+00
-9.3590042359240044e+00
-1.1439968354382927e+01
-1.4578369595220124e+01
-1.7749494824544740e+01
-2.2812635511862709e+01
-2.8102193770545455e+01
-2.9505411644177002e+01
-3.6328161086028558e+01
-3.7383544309755962e+01
-3.7703807552388753e+01
-3.2650919721301761e+01
-2.5462759502588597e+01
-3.0524865019193385e+01
-7.3979381285826094e+00
2.2797578826037352e+01
7.1074129498170805e+01
5.6789909440616611e+01
1.2870107221568469e+02
6.0702538511582243e+03
3.1103366286627359e+01
-1.0670019190099844e+00
-1.1690822055812020e+00
-1.4240929566123439e+00
-1.9391837280306365e+00
-2.8429161290952294e+00
-4.2749458861792675e+00
-6.3702165094159682e+00
-9.0008492816158707e+00
-1.1081813400075191e+01
-1.4220214640911877e+01
-1.7391339870236379e+01
-2.2454480557555598e+01
-2.7744038816238572e+01
-2.9147256689871938e+01
-3.5970006131724404e+01
-3.7025389355449079e+01
-3.7345652598090965e+01
-3.2292764767000335e+01
-2.5104604548294446e+01
-3.0166710064899235e+01
-7.0397831742811832e+00
2.3155733780324226e+01
7.1432284452428576e+01
5.7148064394932589e+01
1.2905922717001522e+02
6.0705547745752265e+03
1.5813628883083448e+01
-7.7887338599945899e-01
-8.8095367257067358e-01
-1.1359644236018160e+00
-1.6510551950201129e+00
-2.5547875960846902e+00
-3.9868173531687603e+00
-6.0820879764054041e+00
-8.7127207486053067e+00
-1.0793684867064144e+01
-1.3932086107901227e+01
-1.7103211337225957e+01
-2.2166352024545631e+01
-2.7455910283228150e+01
-2.8859128156859697e+01
-3.5681877598712163e+01
-3.6737260822437747e+01
-3.7057524065072357e+01
-3.2004636233999918e+01
-2.4816476015257649e+01
-2.9878581531862437e+01
-6.7516546412371099e+00
2.3443862313375575e+01
7.1720412985509029e+01
5.7436192927940283e+01
1.2934735570295015e+02
6.0708094781360705e+03
7.4400193150293443e+00
-5.5295235083065020e-01
-6.5503263740186635e-01
-9.1004338843300803e-01
-1.4251341598513032e+00
-2.3288665609158912e+00
-3.7608963179999506e+00
-5.8561669412366797e+00
-8.4867997134365964e+00
-1.0567763831895945e+01
-1.3706165072732801e+01
-1.6877290302057872e+01
-2.1940430989377091e+01
-2.7229989248060519e+01
-2.8633207121696614e+01
-3.5455956563548170e+01
-3.6511339787268298e+01
-3.6831603029913822e+01
-3.1778715198837745e+01
-2.4590554980139132e+01
-2.9652660496722092e+01
-6.5257336060894886e+00
2.3669783348508645e+01
7.1946334020554787e+01
5.7662113962956937e+01
1.2957327673805412e+02
6.0710169474093127e+03
3.1709631498064823e+00
-3.8102097481675445e-01
-4.8310126138797110e-01
-7.3811201241911273e-01
-1.2532027838374082e+00
-2.1569351849020038e+00
-3.5889649419860490e+00
-5.6842355652227923e+00
-8.3148683374227517e+00
-1.0395832455881987e+01
-1.3534233696718729e+01
-1.6705358926044255e+01
-2.1768499613363474e+01
-2.7058057872047357e+01
-2.8461275745681633e+01
-3.5284025187533189e+01
-3.6339408411262411e+01
-3.6659671653891564e+01
-3.1606783822819125e+01
-2.4418623604113236e+01
-2.9480729120696196e+01
-6.3538022300926968e+00
2.3841714724519989e+01
7.2118265396595234e+01
5.7834045339113800e+01
1.2974520811415277e+02
6.0711793498881161e+03
1.1810787860826313e+00
-2.5474001216155789e-01
-3.5682029873277465e-01
-6.1183104976391600e-01
-1.1269218211822141e+00
-2.0306542222467954e+00
-3.4626839793308477e+00
-5.5579546025676052e+00
-8.1885873747675078e+00
-1.0269551493226913e+01
-1.3407952734063883e+01
-1.6579077963389409e+01
-2.1642218650707946e+01
-2.6931776909390464e+01
-2.8334994783026559e+01
-3.5157744224878115e+01
-3.6213127448601881e+01
-3.6533390691241948e+01
-3.1480502860154957e+01
-2.4292342641434516e+01
-2.9354448158032028e+01
-6.2275212674576323e+00
2.3967995687155053e+01
7.2244546359230299e+01
5.7960326301777968e+01
1.2987148907664232e+02
6.0713010902564856e+03
3.5681887309109578e-01
-1.6591161856404033e-01
-2.6799190513525711e-01
-5.2300265616639829e-01
-1.0380934275846947e+00
-1.9418258286492858e+00
-3.3738555857333239e+00
-5.4691262089700103e+00
-8.0997589811698845e+00
-1.0180723099629176e+01
-1.3319124340465805e+01
-1.6490249569791558e+01
-2.1553390257107822e+01
-2.6842948515795797e+01
-2.8246166389424616e+01
-3.5068915831274353e+01
-3.6124299055001757e+01
-3.6444562297656375e+01
-3.1391674466576660e+01
-2.4203514247856219e+01
-2.9265619764453731e+01
-6.1386928738502320e+00
2.4056824080762453e+01
7.2333374752954114e+01
5.8049154695414472e+01
1.2996031747048255e+02
6.0713879594632890e+03
6.8646171727318711e-02
-1.0672161374608297e-01
-2.0880190031729978e-01
-4.6381265134844107e-01
-9.7890342276673437e-01
-1.8826358238313219e+00
-3.3146655809153316e+00
-5.4099362041519612e+00
-8.0405689763521195e+00
-1.0121533094810957e+01
-1.3259934335647131e+01
-1.6431059564972202e+01
-2.1494200252289374e+01
-2.6783758510971893e+01
-2.8186976384597074e+01
-3.5009725826472277e+01
-3.6065109050192405e+01
-3.6385372292832471e+01
-3.1332484461745480e+01
-2.4144324243039591e+01
-2.9206429759622552e+01
-6.0795028689899482e+00
2.4116014085651841e+01
7.2392564757785294e+01
5.8108344700245652e+01
1.3001950747531373e+02
6.0714464041419560e+03
-6.5801486932091958e-03
-6.9956908814948093e-02
-1.7203719538616496e-01
-4.2704794641730537e-01
-9.4213871783560066e-01
-1.8458711189001846e+00
-3.2779008759841588e+00
-5.3731714992209731e+00
-8.0038042714211315e+00
-1.0084768389880082e+01
-1.3223169630716711e+01
-1.6394294860041555e+01
-2.1457435547359637e+01
-2.6746993806045793e+01
-2.8150211679676431e+01
-3.4972961121515254e+01
-3.6028344345242658e+01
-3.6348607587860897e+01
-3.1295719756832113e+01
-2.4107559538068017e+01
-2.9169665054709185e+01
-6.0427381640765816e+00
2.4152778790332377e+01
7.2429329462815076e+01
5.8145109405275434e+01
1.3005627218028530e+02
6.0714829285515007e+03
-1.4574567091935426e-02
-4.9195258687338747e-02
-1.5127554525855563e-01
-4.0628629628969737e-01
-9.2137706770798644e-01
-1.8251094687725953e+00
-3.2571392258567471e+00
-5.3524098490935330e+00
-7.9830426212938619e+00
-1.0064006739753495e+01
-1.3202407980589669e+01
-1.6373533209913148e+01
-2.1436673897234868e+01
-2.6726232155931939e+01
-2.8129450029569853e+01
-3.4952199471415952e+01
-3.6007582695136080e+01
-3.6327845937805250e+01
-3.1274958106747363e+01
-2.4086797887983266e+01
-2.9148903404595330e+01
-6.0219765140209347e+00
2.4173540440388024e+01
7.2450091112521477e+01
5.8165871054632589e+01
1.3007703382964246e+02
6.0715036284998059e+03
-9.6372282332531957e-03
-3.8965747297788463e-02
-1.4104603386900522e-01
-3.9605678490014729e-01
-9.1114755631843991e-01
-1.8148799573830843e+00
-3.2469097144670513e+00
-5.3421803377036667e+00
-7.9728131099036545e+00
-1.0053777228364197e+01
-1.3192178469198552e+01
-1.6363303698522941e+01
-2.1426444385848299e+01
-2.6716002644505352e+01
-2.8119220518157817e+01
-3.4941969960025745e+01
-3.5997353183716768e+01
-3.6317616426385939e+01
-3.1264728595211636e+01
-2.4076568376622163e+01
-2.9138673893176019e+01
-6.0117470028344542e+00
2.4183769951574504e+01
7.2460320624290034e+01
5.8176100566983223e+01
1.3008726334199309e+02
6.0715138466572389e+03
-6.1228204979542726e-03
-3.4879392895031655e-02
-1.3695967946624887e-01
-3.9197043049739300e-01
-9.0706120191572381e-01
-1.8107936029801408e+00
-3.2428233600646763e+00
-5.3380939833014054e+00
-7.9687267555018479e+00
-1.0049690873958752e+01
-1.3188092114796746e+01
-1.6359217344135686e+01
-2.1422358031442855e+01
-2.6711916290107183e+01
-2.8115134163817856e+01
-3.4937883605598472e+01
-3.5993266829405911e+01
-3.6313530072220601e+01
-3.1260642241220921e+01
-2.4072482022456825e+01
-2.9134587539127097e+01
-6.0076606478542089e+00
2.4187856307253242e+01
7.2464406976476312e+01
5.8180186918936670e+01
1.3009134969394654e+02
6.0715179317798465e+03
-3.5625686575074460e-03
3.3183028114798552e-01
9.1664166736062338e+00
9.1601601717388363e+01
5.4040008166996381e+02
2.2893561203886279e+03
7.7154663747211453e+03
2.1980375894551864e+04
5.5042828486452257e+04
1.0917689441803101e+05
1.2442803945291732e+05
2.5879253400304588e+05
5.0219162612102169e+05
9.1895239728742547e+05
1.5988574445360026e+06
1.7469561506170467e+06
2.6623025632746792e+06
4.2650786469728900e+06
6.6021665239276579e+06
8.8441183083828706e+06
9.9101716879970599e+06
1.4467881169329805e+07
2.0594357120040685e+07
2.7951929863175601e+07
2.8644431223726392e+07
3.9001219572820261e+07
5.2071328266271457e+07
