6.2500000000000000e-02 9.3750000000000000e-01 7.7258538166932023e-01
1.2500000000000000e-01 9.3750000000000000e-01 7.7287785596969605e-01
1.8750000000000000e-01 9.3750000000000000e-01 7.7391508105500006e-01
2.5000000000000000e-01 9.3750000000000000e-01 7.7661826609026396e-01
3.1250000000000000e-01 9.3750000000000000e-01 7.8227219009875604e-01
3.7500000000000000e-01 9.3750000000000000e-01 7.9252656800282273e-01
4.3750000000000000e-01 9.3750000000000000e-01 8.0939660002365643e-01
5.0000000000000000e-01 9.3750000000000000e-01 8.3526321247242041e-01
5.6250000000000000e-01 9.3750000000000000e-01 8.7287316252365643e-01
6.2500000000000000e-01 9.3750000000000000e-01 9.2533906800282273e-01
6.8750000000000000e-01 9.3750000000000000e-01 9.9613937759875593e-01
7.5000000000000000e-01 9.3750000000000000e-01 1.0891182660902639e+00
8.1250000000000000e-01 9.3750000000000000e-01 1.2084853935550000e+00
8.7500000000000000e-01 9.3750000000000000e-01 1.3588153559696963e+00
9.3750000000000000e-01 9.3750000000000000e-01 1.5450463191693198e+00
6.2500000000000000e-02 8.7500000000000000e-01 5.8635441846969605e-01
1.2500000000000000e-01 8.7500000000000000e-01 5.8669858818567777e-01
1.8750000000000000e-01 8.7500000000000000e-01 5.8777571260653350e-01
2.5000000000000000e-01 8.7500000000000000e-01 5.9050888235389765e-01
3.1250000000000000e-01 8.7500000000000000e-01 5.9618456303168887e-01
3.7500000000000000e-01 8.7500000000000000e-01 6.0645369276132444e-01
4.3750000000000000e-01 8.7500000000000000e-01 6.2333227510280564e-01
5.0000000000000000e-01 8.7500000000000000e-01 6.4920168897762931e-01
5.6250000000000000e-01 8.7500000000000000e-01 6.8680883760280564e-01
6.2500000000000000e-01 8.7500000000000000e-01 7.3926619276132444e-01
6.8750000000000000e-01 8.7500000000000000e-01 8.1005175053168887e-01
7.5000000000000000e-01 8.7500000000000000e-01 9.0300888235389765e-01
8.1250000000000000e-01 8.7500000000000000e-01 1.0223460251065337e+00
8.7500000000000000e-01 8.7500000000000000e-01 1.1726360881856777e+00
9.3750000000000000e-01 8.7500000000000000e-01 1.3588153559696960e+00
6.2500000000000000e-02 8.1250000000000000e-01 4.3602445605499995e-01
1.2500000000000000e-01 8.1250000000000000e-01 4.3640852510653350e-01
1.8750000000000000e-01 8.1250000000000000e-01 4.3751831880316128e-01
2.5000000000000000e-01 8.1250000000000000e-01 4.4027699157519107e-01
3.1250000000000000e-01 8.1250000000000000e-01 4.4597161653476136e-01
3.7500000000000000e-01 8.1250000000000000e-01 4.5625377376049181e-01
4.3750000000000000e-01 8.1250000000000000e-01 4.7313996742454784e-01
5.0000000000000000e-01 8.1250000000000000e-01 4.9901188406636920e-01
5.6250000000000000e-01 8.1250000000000000e-01 5.3661652992454778e-01
6.2500000000000000e-01 8.1250000000000000e-01 5.8906627376049181e-01
6.8750000000000000e-01 8.1250000000000000e-01 6.5983880403476125e-01
7.5000000000000000e-01 8.1250000000000000e-01 7.5277699157519118e-01
8.1250000000000000e-01 8.1250000000000000e-01 8.7208863130316128e-01
8.7500000000000000e-01 8.1250000000000000e-01 1.0223460251065337e+00
9.3750000000000000e-01 8.1250000000000000e-01 1.2084853935550000e+00
6.2500000000000000e-02 7.5000000000000000e-01 3.1665732859026408e-01
1.2500000000000000e-01 7.5000000000000000e-01 3.1707138235389759e-01
1.8750000000000000e-01 7.5000000000000000e-01 3.1820667907519112e-01
2.5000000000000000e-01 7.5000000000000000e-01 3.2098586529676171e-01
3.1250000000000000e-01 7.5000000000000000e-01 3.2669605419799685e-01
3.7500000000000000e-01 7.5000000000000000e-01 3.3698906486488794e-01
4.3750000000000000e-01 7.5000000000000000e-01 3.5388165297072693e-01
5.0000000000000000e-01 7.5000000000000000e-01 3.7975568047238639e-01
5.6250000000000000e-01 7.5000000000000000e-01 4.1735821547072693e-01
6.2500000000000000e-01 7.5000000000000000e-01 4.6980156486488789e-01
6.8750000000000000e-01 7.5000000000000000e-01 5.4056324169799685e-01
7.5000000000000000e-01 7.5000000000000000e-01 6.3348586529676165e-01
8.1250000000000000e-01 7.5000000000000000e-01 7.5277699157519118e-01
8.7500000000000000e-01 7.5000000000000000e-01 9.0300888235389765e-01
9.3750000000000000e-01 7.5000000000000000e-01 1.0891182660902641e+00
6.2500000000000000e-02 6.8750000000000000e-01 2.2367844009875590e-01
1.2500000000000000e-01 6.8750000000000000e-01 2.2411425053168899e-01
1.8750000000000000e-01 6.8750000000000000e-01 2.2526849153476133e-01
2.5000000000000000e-01 6.8750000000000000e-01 2.2806324169799688e-01
3.1250000000000000e-01 6.8750000000000000e-01 2.3378543598775414e-01
3.7500000000000000e-01 6.8750000000000000e-01 2.4408691694042531e-01
4.3750000000000000e-01 6.8750000000000000e-01 2.6098453216451339e-01
5.0000000000000000e-01 6.8750000000000000e-01 2.8686022500647118e-01
5.6250000000000000e-01 6.8750000000000000e-01 3.2446109466451339e-01
6.2500000000000000e-01 6.8750000000000000e-01 3.7689941694042528e-01
6.8750000000000000e-01 6.8750000000000000e-01 4.4765262348775414e-01
7.5000000000000000e-01 6.8750000000000000e-01 5.4056324169799685e-01
8.1250000000000000e-01 6.8750000000000000e-01 6.5983880403476125e-01
8.7500000000000000e-01 6.8750000000000000e-01 8.1005175053168899e-01
9.3750000000000000e-01 6.8750000000000000e-01 9.9613937759875593e-01
6.2500000000000000e-02 6.2500000000000000e-01 1.5287813050282273e-01
1.2500000000000000e-01 6.2500000000000000e-01 1.5332869276132438e-01
1.8750000000000000e-01 6.2500000000000000e-01 1.5449596126049178e-01
2.5000000000000000e-01 6.2500000000000000e-01 1.5730156486488800e-01
3.1250000000000000e-01 6.2500000000000000e-01 1.6303222944042531e-01
3.7500000000000000e-01 6.2500000000000000e-01 1.7333973867139049e-01
4.3750000000000000e-01 6.2500000000000000e-01 1.9024095194306770e-01
5.0000000000000000e-01 6.2500000000000000e-01 2.1611784000867451e-01
5.6250000000000000e-01 6.2500000000000000e-01 2.5371751444306773e-01
6.2500000000000000e-01 6.2500000000000000e-01 3.0615223867139052e-01
6.8750000000000000e-01 6.2500000000000000e-01 3.7689941694042528e-01
7.5000000000000000e-01 6.2500000000000000e-01 4.6980156486488794e-01
8.1250000000000000e-01 6.2500000000000000e-01 5.8906627376049181e-01
8.7500000000000000e-01 6.2500000000000000e-01 7.3926619276132433e-01
9.3750000000000000e-01 6.2500000000000000e-01 9.2533906800282273e-01
6.2500000000000000e-02 5.6250000000000000e-01 1.0041222502365646e-01
1.2500000000000000e-01 5.6250000000000000e-01 1.0087133760280564e-01
1.8750000000000000e-01 5.6250000000000000e-01 1.0204621742454785e-01
2.5000000000000000e-01 5.6250000000000000e-01 1.0485821547072695e-01
3.1250000000000000e-01 5.6250000000000000e-01 1.1059390716451344e-01
3.7500000000000000e-01 5.6250000000000000e-01 1.2090501444306773e-01
4.3750000000000000e-01 5.6250000000000000e-01 1.3780838333444098e-01
5.0000000000000000e-01 5.6250000000000000e-01 1.6368598880516971e-01
5.6250000000000000e-01 5.6250000000000000e-01 2.0128494583444098e-01
6.2500000000000000e-01 5.6250000000000000e-01 2.5371751444306773e-01
6.8750000000000000e-01 5.6250000000000000e-01 3.2446109466451345e-01
7.5000000000000000e-01 5.6250000000000000e-01 4.1735821547072693e-01
8.1250000000000000e-01 5.6250000000000000e-01 5.3661652992454778e-01
8.7500000000000000e-01 5.6250000000000000e-01 6.8680883760280564e-01
9.3750000000000000e-01 5.6250000000000000e-01 8.7287316252365643e-01
6.2500000000000000e-02 5.0000000000000000e-01 6.2802274972420413e-02
1.2500000000000000e-01 5.0000000000000000e-01 6.3264188977629449e-02
1.8750000000000000e-01 5.0000000000000000e-01 6.4441571566369246e-02
2.5000000000000000e-01 5.0000000000000000e-01 6.7255680472386420e-02
3.1250000000000000e-01 5.0000000000000000e-01 7.2993037506471167e-02
3.7500000000000000e-01 5.0000000000000000e-01 8.3305340008674539e-02
4.3750000000000000e-01 5.0000000000000000e-01 1.0020942630516973e-01
5.0000000000000000e-01 5.0000000000000000e-01 1.2608727075425438e-01
5.6250000000000000e-01 5.0000000000000000e-01 1.6368598880516971e-01
6.2500000000000000e-01 5.0000000000000000e-01 2.1611784000867451e-01
6.8750000000000000e-01 5.0000000000000000e-01 2.8686022500647118e-01
7.5000000000000000e-01 5.0000000000000000e-01 3.7975568047238639e-01
8.1250000000000000e-01 5.0000000000000000e-01 4.9901188406636920e-01
8.7500000000000000e-01 5.0000000000000000e-01 6.4920168897762942e-01
9.3750000000000000e-01 5.0000000000000000e-01 8.3526321247242041e-01
6.2500000000000000e-02 4.3750000000000000e-01 3.6935662523656466e-02
1.2500000000000000e-01 4.3750000000000000e-01 3.7394775102805658e-02
1.8750000000000000e-01 4.3750000000000000e-01 3.8569654924547843e-02
2.5000000000000000e-01 4.3750000000000000e-01 4.1381652970726962e-02
3.1250000000000000e-01 4.3750000000000000e-01 4.7117344664513436e-02
3.7500000000000000e-01 4.3750000000000000e-01 5.7428451943067713e-02
4.3750000000000000e-01 4.3750000000000000e-01 7.4331820834440954e-02
5.0000000000000000e-01 4.3750000000000000e-01 1.0020942630516973e-01
5.6250000000000000e-01 4.3750000000000000e-01 1.3780838333444098e-01
6.2500000000000000e-01 4.3750000000000000e-01 1.9024095194306773e-01
6.8750000000000000e-01 4.3750000000000000e-01 2.6098453216451339e-01
7.5000000000000000e-01 4.3750000000000000e-01 3.5388165297072693e-01
8.1250000000000000e-01 4.3750000000000000e-01 4.7313996742454784e-01
8.7500000000000000e-01 4.3750000000000000e-01 6.2333227510280564e-01
9.3750000000000000e-01 4.3750000000000000e-01 8.0939660002365643e-01
6.2500000000000000e-02 3.7500000000000000e-01 2.0065630502822732e-02
1.2500000000000000e-01 3.7500000000000000e-01 2.0516192761324409e-02
1.8750000000000000e-01 3.7500000000000000e-01 2.1683461260491810e-02
2.5000000000000000e-01 3.7500000000000000e-01 2.4489064864887989e-02
3.1250000000000000e-01 3.7500000000000000e-01 3.0219729440425332e-02
3.7500000000000000e-01 3.7500000000000000e-01 4.0527238671390513e-02
4.3750000000000000e-01 3.7500000000000000e-01 5.7428451943067720e-02
5.0000000000000000e-01 3.7500000000000000e-01 8.3305340008674525e-02
5.6250000000000000e-01 3.7500000000000000e-01 1.2090501444306773e-01
6.2500000000000000e-01 3.7500000000000000e-01 1.7333973867139049e-01
6.8750000000000000e-01 3.7500000000000000e-01 2.4408691694042531e-01
7.5000000000000000e-01 3.7500000000000000e-01 3.3698906486488794e-01
8.1250000000000000e-01 3.7500000000000000e-01 4.5625377376049175e-01
8.7500000000000000e-01 3.7500000000000000e-01 6.0645369276132444e-01
9.3750000000000000e-01 3.7500000000000000e-01 7.9252656800282273e-01
6.2500000000000000e-02 3.1250000000000000e-01 9.8112525987559263e-03
1.2500000000000000e-01 3.1250000000000000e-01 1.0247063031688980e-02
1.8750000000000000e-01 3.1250000000000000e-01 1.1401304034761337e-02
2.5000000000000000e-01 3.1250000000000000e-01 1.4196054197996908e-02
3.1250000000000000e-01 3.1250000000000000e-01 1.9918248487754184e-02
3.7500000000000000e-01 3.1250000000000000e-01 3.0219729440425332e-02
4.3750000000000000e-01 3.1250000000000000e-01 4.7117344664513422e-02
5.0000000000000000e-01 3.1250000000000000e-01 7.2993037506471181e-02
5.6250000000000000e-01 3.1250000000000000e-01 1.1059390716451342e-01
6.2500000000000000e-01 3.1250000000000000e-01 1.6303222944042531e-01
6.8750000000000000e-01 3.1250000000000000e-01 2.3378543598775414e-01
7.5000000000000000e-01 3.1250000000000000e-01 3.2669605419799685e-01
8.1250000000000000e-01 3.1250000000000000e-01 4.4597161653476136e-01
8.7500000000000000e-01 3.1250000000000000e-01 5.9618456303168899e-01
9.3750000000000000e-01 3.1250000000000000e-01 7.8227219009875604e-01
6.2500000000000000e-02 2.5000000000000000e-01 4.1573285902640244e-03
1.2500000000000000e-01 2.5000000000000000e-01 4.5713823538976028e-03
1.8750000000000000e-01 2.5000000000000000e-01 5.7066790751911121e-03
2.5000000000000000e-01 2.5000000000000000e-01 8.4858652967616920e-03
3.1250000000000000e-01 2.5000000000000000e-01 1.4196054197996910e-02
3.7500000000000000e-01 2.5000000000000000e-01 2.4489064864887986e-02
4.3750000000000000e-01 2.5000000000000000e-01 4.1381652970726962e-02
5.0000000000000000e-01 2.5000000000000000e-01 6.7255680472386420e-02
5.6250000000000000e-01 2.5000000000000000e-01 1.0485821547072693e-01
6.2500000000000000e-01 2.5000000000000000e-01 1.5730156486488797e-01
6.8750000000000000e-01 2.5000000000000000e-01 2.2806324169799688e-01
7.5000000000000000e-01 2.5000000000000000e-01 3.2098586529676165e-01
8.1250000000000000e-01 2.5000000000000000e-01 4.4027699157519107e-01
8.7500000000000000e-01 2.5000000000000000e-01 5.9050888235389765e-01
9.3750000000000000e-01 2.5000000000000000e-01 7.7661826609026396e-01
6.2500000000000000e-02 1.8750000000000000e-01 1.4541435549999438e-03
1.2500000000000000e-01 1.8750000000000000e-01 1.8382126065335145e-03
1.8750000000000000e-01 1.8750000000000000e-01 2.9480063031613072e-03
2.5000000000000000e-01 1.8750000000000000e-01 5.7066790751911121e-03
3.1250000000000000e-01 1.8750000000000000e-01 1.1401304034761335e-02
3.7500000000000000e-01 1.8750000000000000e-01 2.1683461260491806e-02
4.3750000000000000e-01 1.8750000000000000e-01 3.8569654924547836e-02
5.0000000000000000e-01 1.8750000000000000e-01 6.4441571566369246e-02
5.6250000000000000e-01 1.8750000000000000e-01 1.0204621742454784e-01
6.2500000000000000e-01 1.8750000000000000e-01 1.5449596126049181e-01
6.8750000000000000e-01 1.8750000000000000e-01 2.2526849153476136e-01
7.5000000000000000e-01 1.8750000000000000e-01 3.1820667907519112e-01
8.1250000000000000e-01 1.8750000000000000e-01 4.3751831880316128e-01
8.7500000000000000e-01 1.8750000000000000e-01 5.8777571260653338e-01
9.3750000000000000e-01 1.8750000000000000e-01 7.7391508105499995e-01
6.2500000000000000e-02 1.2500000000000000e-01 4.1691846969605219e-04
1.2500000000000000e-01 1.2500000000000000e-01 7.6108818567769136e-04
1.8750000000000000e-01 1.2500000000000000e-01 1.8382126065335143e-03
2.5000000000000000e-01 1.2500000000000000e-01 4.5713823538976028e-03
3.1250000000000000e-01 1.2500000000000000e-01 1.0247063031688980e-02
3.7500000000000000e-01 1.2500000000000000e-01 2.0516192761324409e-02
4.3750000000000000e-01 1.2500000000000000e-01 3.7394775102805651e-02
5.0000000000000000e-01 1.2500000000000000e-01 6.3264188977629435e-02
5.6250000000000000e-01 1.2500000000000000e-01 1.0087133760280564e-01
6.2500000000000000e-01 1.2500000000000000e-01 1.5332869276132441e-01
6.8750000000000000e-01 1.2500000000000000e-01 2.2411425053168901e-01
7.5000000000000000e-01 1.2500000000000000e-01 3.1707138235389759e-01
8.1250000000000000e-01 1.2500000000000000e-01 4.3640852510653350e-01
8.7500000000000000e-01 1.2500000000000000e-01 5.8669858818567777e-01
9.3750000000000000e-01 1.2500000000000000e-01 7.7287785596969605e-01
6.2500000000000000e-02 6.2500000000000000e-02 1.2444416932013769e-04
1.2500000000000000e-01 6.2500000000000000e-02 4.1691846969605219e-04
1.8750000000000000e-01 6.2500000000000000e-02 1.4541435549999438e-03
2.5000000000000000e-01 6.2500000000000000e-02 4.1573285902640235e-03
3.1250000000000000e-01 6.2500000000000000e-02 9.8112525987559263e-03
3.7500000000000000e-01 6.2500000000000000e-02 2.0065630502822729e-02
4.3750000000000000e-01 6.2500000000000000e-02 3.6935662523656466e-02
5.0000000000000000e-01 6.2500000000000000e-02 6.2802274972420413e-02
5.6250000000000000e-01 6.2500000000000000e-02 1.0041222502365647e-01
6.2500000000000000e-01 6.2500000000000000e-02 1.5287813050282273e-01
6.8750000000000000e-01 6.2500000000000000e-02 2.2367844009875593e-01
7.5000000000000000e-01 6.2500000000000000e-02 3.1665732859026408e-01
8.1250000000000000e-01 6.2500000000000000e-02 4.3602445605499995e-01
8.7500000000000000e-01 6.2500000000000000e-02 5.8635441846969605e-01
9.3750000000000000e-01 6.2500000000000000e-02 7.7258538166932023e-01
